Expected :       3.1462643699419726
Mean     :       3.1577260097990760
Var      :       0.0198646990860607
testRngBlock
Expected :      64.0000000000000000
Mean     :      67.3101532225672230
Var      :       6.2076469278265050
testGaussianRngProb
Expected:       0.6826894921370000
Find-out:       0.6831798553466797
Find-out:       0.6824178695678711
